{ {0,10,317,56,79,85,24,67,259,468},
{10,0,93,450,413,221,296,104,110,477},
{317,93,0,168,398,7,125,157,190,258},
{56,450,168,0,164,220,272,404,126,431},
{79,413,398,164,0,427,239,312,79,176},
{85,221,7,220,427,0,313,229,252,342},
{24,296,125,272,239,313,0,106,25,307},
{67,104,157,404,312,229,106,0,312,186},
{259,110,190,126,79,252,25,312,0,191},
{468,477,258,431,176,342,307,186,191,0} }