{ {0,403,74,152,171,54,367,330,350,410,363,377,425,453,158,248,470,334,414,398,290,203,418,411,379,398,298,442,263,323,209,191,155,48,218,413,423,385,499,250,488,218,420,461,380,91,395,390,344,25,213,149,15,388,352,208,131,393,343,53,115,426,363,207,427,381,346,197,337,127,7,203,196,341,214,63,34,462,63,346,171,266,207,485,121,130,115,117,72,201,23,446,467,228,62,442,423,27,438,400,40,296,114,220,123,373,151,268,260,173,444,472,257,30,304,314,379,195,473,16,204,382,48,119,479,443,199,432,342,37,384,222,393,337,44,32,265,393,225,203,234,59,116,202,242,132,238,302,208,434,117,304,431,158,431,202,308,67,46,179,95,305,313,7,341,61,169,436,311,387,14,120,318,393,208,103,24,46,17,155,213,493,370,489,268,291,55,207,434,342,187,367,4,493,276,241,23,8,344,40,17,375,192,296,47,148,128,398,91,476,229,188,175,94,263,106,244,237,372,374,104,161,226,133,353,259,124,414,152,351,219,296,266,107,342,137,230,230,37,100,441,315,205,392,205,258,176,96,336,292,95,417,139,367,333,3,267,166,40,82,427,101,329,5,404,106,231,172,278,223,261,468,401,321,54,199,184,370,10,148,452,112,16,113,451,227,157,108,352,121,265,185,340,238,408,116,357,351,262,24},
{403,0,470,271,465,7,376,229,240,45,429,456,109,267,385,251,22,393,169,66,455,104,360,219,378,443,311,341,265,451,261,320,131,434,315,44,218,236,492,302,206,283,247,91,332,161,162,337,62,332,127,221,167,195,393,464,95,58,398,97,156,72,400,181,408,137,456,364,152,395,461,68,460,348,233,452,462,448,89,104,114,177,344,258,52,281,200,149,282,203,57,473,409,67,487,147,299,282,218,120,92,181,124,102,319,41,50,126,440,425,40,413,340,231,30,60,73,46,252,384,69,91,299,462,98,65,74,240,436,319,464,263,36,195,479,14,213,288,180,157,220,294,473,219,226,7,389,283,333,403,369,447,337,477,31,218,117,186,386,18,174,37,433,138,14,285,457,105,416,391,406,118,210,133,355,481,149,403,215,493,267,56,179,391,43,68,450,21,366,370,328,437,121,326,192,362,238,60,286,409,92,218,385,69,41,487,443,271,280,390,354,53,376,125,15,117,162,98,308,15,299,487,189,204,126,144,479,162,129,273,38,68,411,168,131,8,239,479,66,194,87,67,47,129,261,123,100,98,196,56,266,143,145,338,333,181,366,83,239,162,209,72,301,131,292,428,436,300,343,101,121,496,64,174,270,133,448,109,182,229,316,77,446,153,325,307,271,204,326,219,352,486,89,477,477,83,479,188,413,467},
{74,470,0,378,68,476,4,321,451,239,287,7,245,355,353,227,121,292,428,323,338,120,143,232,83,1,220,41,186,5,160,50,249,11,210,356,358,318,351,265,261,473,404,368,273,252,53,363,433,199,200,475,77,186,342,79,80,250,194,10,385,448,264,50,318,130,117,316,289,431,217,496,380,172,128,357,498,26,20,344,111,329,378,238,245,95,401,416,57,241,418,329,73,256,278,195,49,304,461,342,63,200,193,172,433,100,363,179,113,274,375,175,416,393,304,451,250,215,299,22,303,307,276,424,247,487,154,9,360,337,388,430,154,299,112,36,222,248,261,416,268,39,316,75,24,458,306,24,165,299,200,42,365,377,296,105,483,145,482,275,349,196,176,304,3,495,221,142,282,33,81,414,373,256,242,14,149,342,100,175,377,401,435,145,421,298,270,234,50,180,417,180,320,183,397,190,464,105,446,324,17,293,170,220,134,170,162,439,420,9,463,488,495,440,437,161,236,127,431,443,377,274,14,448,176,262,411,251,78,398,287,185,69,414,198,470,80,158,258,57,52,489,19,67,154,217,469,206,454,337,217,56,298,272,29,343,356,114,75,316,468,330,283,10,303,123,447,89,263,108,99,190,264,376,68,170,268,478,218,392,431,105,333,303,434,441,378,127,152,495,68,442,226,308,117,372,293,13,467,394},
{152,271,378,0,1,212,247,101,234,43,435,66,249,430,78,203,313,345,205,255,282,459,372,454,63,84,297,127,364,274,470,45,268,19,403,318,150,267,304,48,158,232,423,370,6,351,401,116,3,341,310,26,475,488,497,281,103,214,302,249,334,63,363,412,56,11,488,170,497,201,336,43,27,454,273,461,116,244,351,158,266,108,396,51,371,432,479,45,120,17,393,94,474,202,455,319,225,130,301,498,275,141,15,357,461,404,284,168,203,143,347,432,475,137,181,93,454,419,374,268,52,167,410,412,399,89,488,245,231,485,145,135,211,278,88,478,419,188,359,262,277,11,257,186,385,105,431,359,279,50,55,172,224,127,396,465,452,69,142,435,436,98,253,107,362,116,149,290,243,230,72,319,431,474,100,224,139,202,87,259,364,45,476,171,20,76,334,418,249,188,472,492,1,154,317,418,449,494,367,287,119,191,305,145,72,116,335,32,247,48,261,287,270,283,174,303,54,456,412,426,416,475,267,430,116,328,19,113,270,276,44,274,341,109,486,413,233,47,409,304,301,361,422,108,443,114,198,187,415,136,62,256,352,1,35,382,265,37,29,64,173,60,80,338,172,121,66,464,265,447,234,12,142,318,237,142,487,57,428,106,204,242,470,322,134,474,344,435,470,281,112,16,98,123,159,396,44,284,187,421},
{171,465,68,1,0,256,390,76,371,297,396,399,438,337,220,75,394,425,22,252,270,53,112,408,200,15,212,141,91,233,218,249,22,244,324,407,204,439,322,202,344,41,300,238,274,37,112,115,468,220,366,260,367,454,145,359,445,440,327,122,360,220,230,60,207,291,208,399,10,236,214,401,419,9,188,164,187,147,45,59,250,51,45,335,207,239,72,174,74,159,179,103,65,480,97,61,486,346,425,327,133,158,255,179,110,480,184,364,46,324,153,65,27,142,98,233,113,103,231,500,99,140,157,136,282,110,438,327,285,228,418,9,484,351,227,132,103,374,127,348,29,439,65,408,293,433,449,333,147,417,384,343,446,265,262,199,421,201,195,442,178,33,259,451,251,253,71,487,331,21,207,380,121,1,135,363,322,443,53,411,458,425,441,233,500,245,167,413,234,442,189,337,177,444,491,137,296,302,279,67,143,34,70,256,189,475,452,449,455,77,364,244,338,178,324,439,351,497,194,237,28,271,311,220,363,476,342,178,205,172,41,156,378,113,457,416,58,108,15,231,480,422,338,296,387,157,274,453,25,249,67,68,170,339,176,80,180,42,456,393,424,373,364,121,28,468,339,222,188,433,490,238,77,41,372,174,436,167,417,238,146,436,303,217,154,54,111,67,41,482,254,191,309,257,270,1,60,89,5,456},
{54,7,476,212,256,0,467,12,144,433,78,163,413,223,34,165,435,365,95,431,127,391,407,80,58,470,288,385,334,8,282,478,246,385,242,126,142,299,307,327,358,217,343,139,463,324,151,127,417,135,399,93,445,74,196,40,113,376,106,44,128,124,371,328,134,236,276,447,464,137,453,66,338,490,450,448,350,252,47,438,436,157,163,243,124,323,137,151,27,462,286,405,139,466,33,288,440,336,60,8,421,299,373,484,370,443,177,3,66,409,168,98,378,473,43,99,281,437,9,272,173,215,11,489,494,349,72,18,81,162,456,114,291,211,98,129,95,63,332,17,23,95,491,285,399,413,381,135,201,86,382,264,80,67,199,232,75,262,450,174,34,128,152,209,499,309,476,362,116,256,147,325,475,398,94,492,397,2,331,454,334,322,277,443,3,326,489,476,174,472,34,202,457,210,220,39,456,170,253,146,81,75,19,366,402,453,105,231,109,16,216,31,302,120,457,445,360,52,22,445,425,259,272,420,38,430,351,123,171,483,199,284,367,178,251,191,61,30,108,98,285,23,401,500,235,257,281,391,168,45,181,469,316,144,419,481,350,478,469,220,186,269,220,213,88,463,329,288,300,404,118,53,38,366,228,460,105,164,287,162,21,343,324,195,408,145,194,300,392,368,390,228,127,367,229,322,214,391,11,488},
{367,376,4,247,390,467,0,4,16,201,22,423,437,167,245,241,360,198,498,121,127,192,332,393,407,410,418,21,148,346,123,251,481,497,217,324,339,208,396,164,354,68,204,124,325,78,298,257,243,253,213,29,167,214,164,237,348,94,183,387,387,129,327,119,420,397,225,325,319,283,301,17,36,286,142,217,342,429,335,491,328,408,210,153,21,38,208,293,13,420,401,460,490,424,171,418,394,335,268,356,282,397,73,54,461,147,470,420,29,500,211,189,288,83,40,109,254,166,423,206,483,474,47,374,380,467,68,110,178,428,286,47,176,66,59,110,290,315,348,368,149,175,44,232,196,23,333,322,353,254,407,303,384,195,429,206,222,331,459,243,133,133,132,346,67,346,119,323,437,88,78,468,175,308,113,341,411,484,93,148,165,21,227,26,14,114,120,102,438,38,349,315,232,202,50,269,120,10,79,417,330,330,77,197,412,83,299,86,177,146,157,236,214,414,374,271,326,210,467,107,451,285,321,246,463,252,245,330,233,366,255,59,257,369,413,177,497,44,487,378,99,157,31,18,149,98,235,364,120,222,425,110,8,207,43,275,182,343,168,39,378,19,161,165,339,408,87,149,263,493,51,44,209,389,305,368,262,260,362,263,219,4,321,244,409,169,412,493,257,232,282,419,482,242,387,455,181,123,150,231},
{330,229,321,101,76,12,4,0,269,274,155,330,169,410,363,119,90,421,102,424,111,180,99,224,311,203,477,461,195,492,452,290,60,405,386,157,405,427,198,119,95,385,91,451,360,300,200,488,54,128,266,270,345,159,220,64,212,304,145,292,188,319,191,201,325,487,487,70,361,105,106,438,187,433,265,122,81,212,444,349,36,102,281,108,104,318,205,369,276,202,175,261,434,277,276,78,157,56,468,208,437,66,358,96,115,148,110,486,92,464,358,438,426,433,307,358,461,363,72,198,298,427,161,349,392,469,460,242,456,70,211,23,412,481,277,93,347,21,33,266,337,74,477,7,49,500,150,330,252,377,238,307,208,428,183,7,56,300,83,99,44,380,20,115,419,189,239,374,320,362,214,26,238,399,70,495,294,319,316,464,185,118,353,225,35,131,448,410,456,252,497,301,6,284,248,430,202,386,135,323,156,314,492,475,211,262,176,74,335,122,212,33,267,355,286,49,98,484,198,461,15,284,234,95,304,401,299,318,344,316,149,493,247,292,279,459,392,347,402,30,369,480,300,94,91,266,272,13,59,325,42,492,108,118,231,466,374,479,83,244,430,315,82,392,324,18,262,190,354,205,97,255,355,199,434,411,138,195,204,444,50,410,151,274,96,147,27,55,262,112,152,470,465,424,461,87,224,161,286,141},
{350,240,451,234,371,144,16,269,0,469,69,74,153,40,427,498,309,490,12,439,494,105,225,220,361,248,181,146,49,437,377,415,311,303,429,66,148,109,149,313,442,171,60,110,147,371,92,166,204,325,133,87,235,409,476,239,62,182,466,314,247,118,453,182,244,8,41,249,272,186,443,339,185,441,360,24,60,109,471,245,351,290,223,272,403,405,151,126,180,218,431,481,407,443,299,379,245,261,22,57,305,18,462,479,173,194,66,435,275,436,344,295,344,460,357,249,81,2,440,371,492,86,217,98,160,19,174,162,268,366,299,434,416,409,396,168,430,136,113,254,170,5,51,245,388,353,43,52,408,217,488,325,480,283,417,477,21,471,362,377,269,232,178,138,208,325,191,87,455,243,255,110,78,264,465,258,291,110,487,231,269,149,196,491,414,408,305,53,365,111,305,429,143,59,202,239,68,48,55,480,454,392,460,405,338,268,421,136,484,296,91,215,491,218,20,261,13,245,333,402,329,388,108,361,244,199,194,320,14,280,353,126,277,199,244,161,264,320,31,107,466,191,495,61,26,92,184,422,59,18,307,298,495,462,85,237,264,403,368,75,459,192,81,309,15,49,321,205,457,157,400,104,400,292,53,75,292,162,49,254,265,356,58,404,279,18,500,479,132,343,170,378,404,301,191,325,62,443,111,327},
{410,45,239,43,297,433,201,274,469,0,65,181,379,286,421,316,93,405,384,364,194,22,443,229,337,271,197,267,210,439,202,9,159,440,232,362,428,29,303,464,86,485,229,498,235,392,134,274,251,398,274,381,32,401,288,172,154,281,373,273,453,10,52,51,372,433,3,139,431,414,192,7,275,44,270,7,383,356,328,416,123,137,311,79,259,216,129,63,430,164,388,433,467,308,458,329,51,161,418,290,100,395,155,202,77,124,369,346,9,18,171,225,379,234,325,378,216,150,224,357,84,341,499,419,429,461,109,469,258,9,294,182,470,272,437,385,54,10,300,359,350,369,214,432,41,160,432,373,415,400,210,21,69,194,234,392,340,369,76,136,143,370,183,64,439,129,16,469,81,288,215,470,242,359,254,237,22,108,315,361,439,459,494,496,154,288,186,49,463,175,32,65,78,13,322,474,271,133,60,497,16,451,73,25,456,245,97,21,453,283,287,280,484,158,293,472,8,144,341,224,493,220,77,212,235,354,372,315,444,203,340,165,437,399,456,385,2,470,157,439,124,34,95,199,289,46,40,137,251,298,20,213,417,308,102,259,250,182,101,423,104,22,454,313,324,439,120,481,485,139,77,241,345,25,168,105,309,210,444,317,284,500,217,22,448,485,459,299,126,27,48,313,360,207,39,126,480,362,300,177},
{363,429,287,435,396,78,22,155,69,65,0,53,146,98,363,228,422,192,380,19,177,281,309,375,117,432,204,405,406,96,320,419,6,39,66,307,362,198,260,184,123,3,135,108,312,8,207,469,227,228,402,394,230,134,407,142,340,473,40,404,272,23,31,74,440,325,128,54,303,326,396,43,323,267,107,147,381,54,247,227,360,373,74,14,288,252,458,92,105,71,136,253,421,461,188,418,363,307,472,87,448,337,126,168,93,228,211,149,108,208,272,275,14,229,479,103,185,1,89,25,39,417,255,139,412,179,222,123,84,209,114,166,459,254,239,254,340,266,101,349,272,343,372,353,465,343,176,243,312,367,115,408,131,309,457,10,130,366,151,195,20,355,230,25,22,60,170,127,157,77,139,362,290,49,429,91,44,368,104,57,74,256,211,105,288,491,353,279,279,397,44,158,115,234,27,326,343,488,425,68,304,470,269,156,182,485,376,45,194,41,190,356,66,176,89,44,168,420,291,326,421,477,217,374,114,238,335,231,86,134,452,161,444,413,196,276,453,371,397,244,173,118,403,101,420,233,300,98,384,255,350,29,361,244,318,183,369,271,386,396,290,407,372,96,435,487,15,411,474,184,459,254,88,500,440,22,170,480,406,425,418,58,249,329,60,234,361,356,178,210,486,131,141,293,48,228,114,487,469,257},
{377,456,7,66,399,163,423,330,74,181,53,0,333,215,98,92,255,242,374,139,173,55,301,292,38,145,87,325,181,461,379,268,172,416,208,4,438,67,25,227,306,442,248,309,285,306,446,240,287,68,338,110,133,308,122,118,79,80,195,64,104,310,3,213,145,110,232,127,170,265,64,421,72,288,388,316,155,444,286,53,69,102,391,242,453,323,384,126,262,281,242,487,394,407,500,1,94,417,29,124,78,333,3,69,93,193,346,144,395,371,124,112,241,251,99,322,353,239,167,451,301,371,187,123,80,385,107,196,5,430,231,288,132,39,401,224,205,43,276,399,394,432,243,350,279,428,261,481,155,283,114,200,335,22,350,210,38,164,356,275,464,336,109,62,254,37,63,362,25,397,401,291,35,199,295,297,90,234,264,459,461,429,140,138,295,395,484,328,474,76,105,298,142,165,267,329,317,458,58,22,103,483,452,77,412,173,395,475,26,469,326,351,153,260,181,149,335,120,41,319,211,8,228,457,491,343,270,3,34,165,261,184,139,133,477,187,92,103,130,237,16,278,384,92,301,480,394,18,401,126,486,1,198,22,267,204,195,215,76,311,314,23,200,29,491,244,492,62,96,153,476,366,439,344,230,203,291,270,37,281,268,324,298,31,175,449,272,131,284,249,499,432,425,124,101,448,422,137,14,129},
{425,109,245,249,438,413,437,169,153,379,146,333,0,436,316,272,306,201,26,291,203,92,356,377,364,427,97,328,90,244,54,491,282,110,216,34,500,362,163,98,39,413,391,185,154,328,310,287,397,378,5,208,109,192,452,162,37,159,229,27,290,192,39,335,386,19,317,51,88,115,104,416,94,107,264,92,382,338,32,186,106,443,229,390,440,292,338,490,78,301,433,397,123,9,50,21,210,135,471,194,300,433,348,259,303,350,260,333,51,234,30,3,62,81,292,213,198,166,202,175,102,52,82,263,212,490,152,156,167,115,447,411,212,498,138,365,38,234,453,443,206,184,104,49,137,153,295,336,135,159,308,438,99,487,398,312,395,163,178,92,463,290,139,61,140,497,450,495,409,145,428,84,337,383,466,86,132,349,384,141,297,435,316,341,139,249,362,362,129,21,443,357,259,363,405,326,278,17,409,420,362,469,496,256,395,234,392,491,33,408,156,369,392,363,323,388,448,355,259,22,130,10,22,115,234,164,317,220,186,161,156,47,1,59,407,387,350,108,91,217,372,16,321,440,335,290,429,114,386,311,58,396,215,339,243,453,313,150,12,490,216,26,20,319,296,295,70,308,10,136,165,151,275,304,274,18,141,333,498,489,48,176,260,86,325,476,462,109,72,286,252,394,293,103,248,361,264,54,364,219},
{453,267,355,430,337,223,167,410,40,286,98,215,436,0,396,419,218,361,122,341,172,401,321,476,251,316,408,175,478,327,331,288,491,15,160,9,476,346,329,270,386,402,447,355,10,49,256,399,219,223,232,419,484,102,227,302,198,213,449,451,24,38,231,38,129,104,306,204,180,310,109,271,187,63,234,84,215,327,228,35,364,402,205,125,207,175,6,197,426,60,500,479,109,295,472,191,249,336,136,257,354,342,345,225,288,390,59,54,22,77,383,28,476,356,104,492,56,155,56,99,14,446,391,36,55,92,482,333,212,53,107,182,341,292,446,10,494,321,61,152,10,119,386,67,343,433,251,466,99,313,74,304,252,352,10,425,381,252,214,455,44,43,105,72,93,367,390,106,320,232,45,211,459,128,227,44,361,238,51,367,72,187,370,409,303,325,147,57,137,460,321,415,216,450,388,492,165,213,448,124,154,394,153,155,345,284,148,351,266,16,251,351,297,493,488,456,264,23,420,136,489,98,422,36,436,313,327,412,320,374,233,318,378,199,263,270,191,325,172,348,300,457,440,18,171,417,300,142,177,115,187,474,257,3,299,322,419,102,72,50,321,202,310,358,26,407,332,431,347,85,328,74,332,201,332,31,78,429,480,186,401,322,200,130,253,300,120,139,304,231,38,300,441,108,354,382,147,392,31,419},
{158,385,353,78,220,34,245,363,427,421,363,98,316,396,0,387,133,101,437,137,319,56,243,61,485,260,316,171,156,118,462,116,8,236,113,362,49,293,447,78,108,264,450,376,475,266,282,159,264,33,437,498,51,205,285,280,477,409,233,150,59,252,121,119,486,20,13,161,497,65,486,3,395,500,105,383,13,404,223,336,314,321,409,112,460,260,111,481,448,7,235,240,343,148,450,182,156,335,252,6,245,318,361,394,305,234,490,434,270,436,52,217,339,32,274,33,337,274,484,222,260,447,340,172,148,394,318,67,87,104,48,284,259,34,166,430,434,275,100,331,200,48,179,411,219,130,178,381,275,255,286,35,16,424,263,475,215,124,171,6,66,242,176,61,174,218,389,480,279,479,313,482,18,128,107,474,85,282,134,387,74,28,259,192,220,41,146,397,478,453,151,241,62,409,186,56,105,425,67,15,65,343,231,194,237,468,172,54,103,428,255,208,160,92,43,390,363,61,66,225,123,141,257,25,391,286,447,446,17,443,78,181,262,147,112,364,128,34,379,415,295,379,417,257,219,176,452,56,309,137,66,440,203,305,190,14,276,352,2,10,18,302,445,470,366,100,245,187,69,6,120,78,97,321,454,97,479,464,244,335,166,285,88,243,155,355,95,131,347,72,55,465,9,280,137,150,493,161,497,356},
{248,251,227,203,75,165,241,119,498,316,228,92,272,419,387,0,171,79,235,148,219,214,79,312,154,349,403,291,148,428,142,496,184,252,320,60,396,184,207,331,231,60,150,433,478,72,294,102,53,179,330,110,293,230,497,352,105,129,299,193,118,417,136,237,19,206,19,362,451,500,490,391,64,180,345,485,53,450,16,379,80,101,301,255,268,62,443,376,77,447,266,104,206,184,355,253,23,36,430,270,469,65,197,262,397,393,3,154,473,184,98,270,85,393,336,465,219,304,346,2,185,40,249,179,90,9,38,38,144,90,349,32,61,109,220,243,444,282,468,122,434,36,127,28,172,62,112,267,23,83,103,220,355,18,295,156,441,405,43,13,162,44,229,106,72,86,66,435,5,268,492,237,287,160,67,295,351,277,396,78,191,453,445,267,136,449,393,38,176,203,202,404,222,107,169,26,173,299,334,313,3,289,263,445,479,76,90,179,225,82,425,29,445,164,4,57,283,165,67,341,385,294,439,89,465,110,488,206,344,49,396,295,97,462,469,372,106,472,4,106,100,441,358,413,297,279,200,309,377,105,434,322,470,256,242,350,44,188,288,78,283,109,205,412,310,269,403,23,465,313,127,226,22,341,425,253,11,177,456,98,166,344,423,207,279,477,167,491,181,106,41,365,267,155,174,190,412,102,317,125},
{470,22,121,313,394,435,360,90,309,93,422,255,306,218,133,171,0,113,446,488,22,338,217,404,147,72,388,284,139,21,234,40,382,108,75,354,276,288,28,249,228,317,153,352,453,201,400,152,411,177,217,499,74,177,8,30,56,420,439,322,205,417,450,416,336,8,149,434,244,286,24,140,300,145,221,486,99,407,174,147,405,276,469,109,352,233,265,480,463,317,90,479,207,121,411,8,466,196,459,112,233,93,340,434,230,69,259,129,317,210,325,158,90,67,124,344,49,87,33,103,425,135,20,113,187,422,346,333,51,303,375,47,281,227,209,12,408,303,92,323,12,323,254,365,351,479,480,107,352,328,126,94,125,2,462,451,41,488,27,60,183,14,350,385,3,311,242,328,489,409,480,431,214,202,269,430,232,36,222,110,457,171,86,453,304,123,465,411,101,162,262,483,25,45,174,484,480,125,306,391,177,68,10,226,299,440,139,199,223,4,330,75,454,103,114,184,300,267,74,438,15,31,107,232,429,471,478,75,450,183,420,266,468,200,50,226,432,6,421,454,213,307,214,279,251,473,488,356,271,453,113,82,39,464,53,30,385,61,176,471,413,130,67,160,334,475,303,495,305,337,284,22,469,392,113,407,273,67,453,15,296,119,344,414,177,58,27,87,43,217,320,48,410,96,461,202,229,481,458,260},
{334,393,292,345,425,365,198,421,490,405,192,242,201,361,101,79,113,0,86,348,466,73,65,95,123,183,305,45,157,436,226,149,265,326,415,420,404,437,164,362,368,40,124,474,159,159,412,43,499,265,127,437,401,325,303,380,457,263,443,98,38,275,466,325,390,240,391,251,294,341,88,180,317,319,378,267,64,183,192,93,44,228,498,248,160,47,38,236,3,474,346,118,418,118,185,374,80,64,337,451,424,283,277,36,403,353,355,49,45,292,331,438,338,174,99,375,473,39,461,134,194,469,43,167,287,13,168,428,131,45,209,479,84,88,212,228,177,235,126,146,311,99,472,358,215,449,44,37,292,364,24,117,23,272,86,359,450,103,340,486,256,462,39,217,3,369,134,470,363,322,318,51,92,273,319,12,484,171,78,222,73,385,148,244,192,458,405,374,271,305,171,13,250,272,460,94,48,93,308,240,416,442,379,427,246,285,427,411,402,376,184,436,255,324,395,52,438,368,170,278,355,164,304,138,401,275,417,379,204,155,479,31,458,4,126,457,89,361,66,348,110,58,288,139,95,284,495,334,268,321,208,291,393,338,225,360,98,36,34,193,120,48,207,32,142,85,14,420,318,402,411,466,63,484,49,259,467,341,199,402,171,316,488,43,2,454,220,114,209,54,226,420,184,1,403,433,447,420,24,150},
{414,169,428,205,22,95,498,102,12,384,380,374,26,122,437,235,446,86,0,175,224,51,344,40,409,105,129,48,426,261,178,113,427,244,134,89,368,208,21,30,334,191,108,65,270,231,339,50,25,313,61,129,91,239,121,485,3,146,239,334,41,359,172,241,240,425,332,212,430,20,294,124,270,481,306,329,94,102,398,357,476,270,215,277,14,402,441,338,199,115,17,234,104,388,270,155,215,56,163,19,373,362,434,196,240,478,48,61,154,233,7,180,72,495,269,140,451,369,32,53,219,440,324,469,187,457,98,212,326,44,206,249,4,281,425,33,436,97,103,456,4,184,148,236,68,408,460,164,1,406,100,35,40,407,105,283,401,87,398,77,386,475,361,439,197,107,202,492,413,111,328,490,421,434,231,251,17,57,496,402,7,75,463,468,280,251,256,46,499,440,34,110,283,352,371,300,355,429,105,8,157,487,210,104,454,288,158,111,241,327,40,164,388,219,356,261,19,69,104,43,359,234,456,492,102,429,411,93,6,465,479,134,187,490,308,266,204,449,124,429,283,231,412,190,152,458,202,426,278,142,31,355,2,332,340,69,415,333,11,300,470,272,184,37,373,57,397,370,345,439,262,72,84,372,252,408,466,75,399,370,157,339,362,376,481,66,335,380,270,230,328,217,449,215,10,169,388,398,121,369},
{398,66,323,255,252,431,121,424,439,364,19,139,291,341,137,148,488,348,175,0,451,13,17,417,434,498,150,204,269,109,291,373,69,294,300,98,70,146,403,276,473,52,267,472,137,320,379,228,329,149,178,331,96,173,374,498,258,74,3,484,8,93,209,394,76,173,453,383,217,126,342,442,386,380,5,357,19,158,138,245,459,123,70,243,259,416,392,372,102,88,378,334,348,63,177,474,280,169,257,6,56,442,326,427,149,126,306,101,286,336,11,226,491,116,108,116,212,214,420,324,318,94,332,414,178,7,141,462,61,267,267,189,64,160,216,226,223,72,196,354,113,214,307,457,210,198,330,361,387,207,400,378,335,169,458,227,270,479,489,421,313,141,310,469,15,432,234,165,318,252,442,260,97,385,235,61,182,154,176,269,385,373,370,150,499,65,400,73,166,99,2,363,361,103,268,140,176,303,228,143,305,134,230,192,66,181,51,258,141,112,185,65,126,71,401,134,91,392,81,408,71,118,267,391,313,379,42,348,4,374,16,42,152,106,480,446,245,278,186,183,200,166,90,326,249,39,61,434,21,142,140,414,114,183,165,295,73,239,497,84,269,49,232,45,500,299,437,39,76,383,428,398,291,354,268,92,365,3,277,20,53,237,286,252,476,362,433,182,2,129,69,320,365,419,154,251,62,404,111,286},
{290,455,338,282,270,127,127,111,494,194,177,173,203,172,319,219,22,466,224,451,0,241,9,325,481,263,407,486,260,95,248,216,272,308,138,184,324,437,453,193,481,432,4,138,9,209,161,59,398,186,345,93,257,361,137,98,113,135,143,348,28,198,133,458,72,47,281,156,180,253,80,247,275,283,198,41,496,51,385,403,86,203,406,21,363,325,253,60,215,55,298,192,131,164,78,48,209,253,400,133,409,387,21,37,449,434,250,210,365,12,91,181,403,380,111,248,491,221,213,498,339,376,256,346,39,466,409,12,468,159,311,351,111,454,152,229,233,122,355,140,93,73,273,301,493,123,463,285,377,131,32,465,455,186,129,252,108,129,95,213,54,305,283,435,29,105,280,437,70,247,75,203,151,33,451,301,92,380,5,446,371,341,78,141,214,153,94,227,160,314,206,275,465,196,428,496,149,324,68,200,89,258,65,89,110,67,278,176,407,150,200,494,409,344,206,25,45,93,195,377,192,287,121,1,374,336,92,484,263,110,246,163,7,10,49,391,384,414,3,121,473,191,110,120,323,127,376,52,179,39,200,318,351,200,144,68,191,305,408,422,63,447,384,261,403,291,357,338,432,177,488,309,157,86,391,269,295,495,26,445,171,230,20,147,105,499,12,113,271,153,327,129,302,67,138,317,119,221,474,406},
{203,104,120,459,53,391,192,180,105,22,281,55,92,401,56,214,338,73,51,13,241,0,477,55,400,275,323,483,249,66,114,344,254,369,433,372,4,67,438,42,112,105,241,91,226,27,211,149,93,361,500,205,50,477,78,216,373,49,316,56,208,232,386,368,497,290,55,498,467,192,94,178,189,254,192,91,437,223,207,269,332,67,285,493,307,488,122,242,92,32,15,192,384,384,132,287,167,94,194,475,393,177,264,264,217,198,100,155,201,392,463,365,114,250,202,433,92,189,330,354,467,393,99,448,308,382,361,406,360,366,224,213,443,429,498,454,448,246,398,294,386,373,246,12,406,304,353,460,133,260,348,424,272,16,311,351,179,179,366,175,136,450,296,230,127,266,327,203,44,123,4,220,106,249,399,169,247,186,37,331,211,18,457,496,289,488,329,398,104,105,133,345,453,490,183,12,33,64,184,41,113,391,324,255,143,186,200,463,200,318,371,47,249,324,87,74,382,119,154,48,64,394,445,373,11,171,122,387,436,386,434,39,52,86,53,10,162,463,452,309,122,330,446,129,305,70,118,339,187,37,276,72,319,37,334,70,121,185,316,59,461,393,48,233,18,424,49,33,85,11,369,238,498,176,456,187,392,206,59,150,217,440,383,414,86,91,47,380,87,20,495,391,143,234,364,329,287,204,109,194},
{418,360,143,372,112,407,332,99,225,443,309,301,356,321,243,79,217,65,344,17,9,477,0,424,480,52,54,487,153,335,162,340,270,425,485,400,77,190,422,17,7,405,74,366,406,34,178,9,105,299,383,265,121,229,25,47,51,242,1,348,335,254,387,47,254,9,274,214,243,417,100,47,314,6,67,151,454,279,20,83,99,219,165,243,11,63,324,332,149,380,82,19,89,456,15,80,393,215,392,249,129,67,78,456,5,284,291,424,386,77,309,422,40,69,177,102,406,277,395,453,284,239,263,4,337,135,444,283,441,227,458,180,201,439,164,19,139,9,425,257,461,440,71,345,447,40,155,286,82,123,442,1,255,336,154,314,486,466,349,45,364,100,372,37,185,83,185,200,42,288,79,297,71,207,57,164,194,407,281,302,57,423,367,38,66,467,158,301,163,393,427,190,106,216,103,291,282,460,7,86,50,316,187,6,160,338,447,352,330,498,422,247,331,413,318,488,385,448,367,71,430,173,119,324,436,203,485,380,358,439,198,162,196,171,328,199,200,404,190,456,315,451,207,292,483,7,462,341,96,405,226,11,41,108,185,42,343,379,217,114,321,29,206,329,471,313,487,265,148,344,149,486,83,121,347,456,389,161,335,125,312,68,108,51,435,383,375,385,499,118,329,366,200,153,301,207,100,53,192,339},
{411,219,232,454,408,80,393,224,220,229,375,292,377,476,61,312,404,95,40,417,325,55,424,0,38,152,114,274,381,282,78,136,60,352,365,96,105,170,205,7,75,112,154,437,255,440,34,297,63,348,308,98,158,187,341,67,403,204,155,465,381,139,89,450,291,237,27,172,85,232,207,385,385,329,331,248,287,61,112,187,79,126,167,247,189,387,241,334,215,249,193,332,121,135,54,324,263,23,307,113,165,267,219,103,219,406,330,103,302,339,386,497,84,340,129,207,253,120,63,135,374,138,174,213,121,31,352,327,194,379,187,308,473,453,36,187,214,29,168,176,341,75,77,492,468,462,394,479,116,358,294,84,400,420,400,82,388,489,176,451,86,195,310,337,383,472,268,285,405,102,344,434,432,400,296,86,426,250,388,321,422,402,112,430,160,152,216,168,354,112,267,141,383,475,71,461,125,200,159,250,313,448,338,240,229,299,405,163,496,70,148,353,224,175,373,314,382,38,158,360,244,114,101,162,242,268,77,441,481,314,497,262,423,378,149,88,31,129,234,414,440,61,209,53,424,94,406,31,130,375,32,420,331,297,10,280,130,292,375,62,66,470,191,239,211,160,341,22,54,369,482,175,25,134,188,119,33,476,396,23,232,235,175,385,235,73,397,466,80,268,154,120,271,98,11,307,74,135,2,466},
{379,378,83,63,200,58,407,311,361,337,117,38,364,251,485,154,147,123,409,434,481,400,480,38,0,12,11,125,66,440,129,178,129,416,492,169,231,491,485,483,91,488,169,500,220,379,128,398,6,20,335,471,465,375,326,213,125,126,463,483,40,43,346,328,296,447,227,262,13,265,355,376,41,86,348,24,283,330,190,386,135,492,351,233,132,420,9,149,80,80,189,410,200,224,229,461,218,469,89,210,276,215,4,212,207,335,316,38,387,249,246,133,63,356,366,207,198,257,234,217,154,200,462,244,178,298,475,300,500,82,52,106,468,60,486,450,13,378,401,292,305,31,336,137,58,340,353,370,3,318,298,125,314,395,71,315,154,31,335,269,280,416,231,329,473,328,20,423,237,436,345,356,399,489,486,226,153,405,388,333,132,78,84,451,57,375,442,486,389,54,9,262,288,272,446,298,203,458,133,130,283,142,344,163,397,271,398,284,184,258,37,45,6,336,83,187,378,79,101,17,490,183,276,280,400,400,141,470,106,314,127,298,90,110,239,220,120,175,401,29,204,300,294,176,164,344,219,277,443,116,437,206,122,107,319,440,496,8,465,374,474,330,495,114,7,441,39,426,319,427,381,359,140,140,439,283,432,360,302,63,91,419,161,448,70,457,129,69,175,232,42,427,29,326,328,254,38,251,138,357},
{398,443,1,84,15,470,410,203,248,271,432,145,427,316,260,349,72,183,105,498,263,275,52,152,12,0,148,170,268,413,134,47,188,158,305,163,60,466,21,278,144,148,420,226,63,347,247,246,248,212,201,164,87,21,115,453,362,291,36,219,388,66,98,248,190,83,284,327,320,208,228,395,20,55,70,269,340,118,212,407,4,148,435,216,249,43,476,384,424,45,87,406,145,211,260,465,144,9,108,76,101,178,118,137,411,228,292,236,370,452,95,438,392,452,352,338,344,45,357,97,97,215,285,10,477,368,44,252,275,320,157,114,460,73,6,214,159,42,103,348,253,389,300,270,60,148,344,224,62,368,342,5,317,38,216,349,481,308,392,289,306,9,316,108,315,95,101,294,356,44,368,462,218,95,63,498,314,440,56,419,173,69,340,95,157,293,76,346,116,430,339,7,150,174,185,15,443,88,37,198,494,454,209,33,9,109,388,356,466,221,415,81,22,109,287,397,132,400,116,424,247,211,397,79,194,91,256,136,183,88,421,358,237,403,206,289,426,156,225,272,134,190,242,248,264,106,363,132,357,106,233,351,36,418,185,34,137,92,166,204,20,315,202,86,180,70,321,86,470,313,426,126,2,387,181,353,327,45,159,75,314,429,427,473,17,85,234,173,347,333,278,415,373,431,494,176,313,371,119,239},
{298,311,220,297,212,288,418,477,181,197,204,87,97,408,316,403,388,305,129,150,407,323,54,114,11,148,0,143,253,249,145,395,116,162,389,500,442,80,464,218,350,259,496,417,359,3,35,416,300,179,225,347,61,301,467,232,45,135,30,77,402,314,436,485,415,434,61,189,351,65,351,420,374,89,480,170,452,88,195,247,428,499,30,428,214,39,209,309,367,254,91,98,183,107,140,24,247,392,162,313,490,4,362,415,93,17,214,85,278,87,229,38,193,403,253,452,105,128,89,356,478,277,119,14,482,28,228,187,307,449,101,87,230,349,347,39,45,281,4,118,347,6,306,477,236,250,359,163,270,55,278,299,88,325,127,221,188,116,291,426,417,476,38,177,104,113,130,290,396,231,17,98,308,265,495,193,132,367,41,299,51,402,291,305,345,333,117,358,345,309,150,386,88,163,421,50,227,191,489,464,496,478,127,263,246,429,100,365,432,306,283,142,229,290,187,267,43,64,251,427,427,257,224,437,86,320,320,476,252,498,42,41,404,108,321,24,341,420,274,257,488,217,7,188,100,351,455,224,184,340,406,108,1,347,130,353,269,243,443,108,101,344,199,150,323,181,118,476,13,410,151,318,102,23,121,354,182,112,462,73,207,426,390,193,285,330,42,101,411,99,17,44,110,497,254,18,429,356,32,138},
{442,341,41,127,141,385,21,461,146,267,405,325,328,175,171,291,284,45,48,204,486,483,487,274,125,170,143,0,271,500,30,60,379,356,481,348,99,59,277,89,494,389,316,433,362,173,2,351,368,246,392,20,271,193,59,247,372,74,117,419,66,360,135,30,417,370,196,191,162,19,453,300,33,172,399,274,311,128,52,453,344,366,191,218,431,171,217,411,342,450,309,434,192,160,115,354,312,57,302,141,235,461,372,304,255,121,224,370,263,20,116,365,294,265,327,23,292,344,234,135,417,363,312,366,439,385,171,388,212,29,24,247,210,413,160,338,160,320,68,313,459,332,413,316,270,192,338,488,444,83,74,71,77,128,4,32,278,163,442,498,278,283,61,239,469,77,396,344,17,47,478,183,434,220,280,310,105,355,103,453,70,3,237,94,191,432,267,128,204,144,407,461,191,416,119,330,132,85,270,326,253,380,110,477,304,9,241,286,396,219,155,467,420,219,158,103,186,167,401,238,152,194,107,328,87,242,19,138,66,74,243,432,492,270,281,491,494,469,407,183,3,421,146,430,293,342,219,289,273,163,107,497,307,89,47,3,405,239,184,221,21,93,399,484,286,462,322,216,70,451,470,129,17,62,128,259,390,418,222,331,289,206,66,223,101,358,364,105,301,140,239,310,322,39,23,38,203,243,115,182},
{263,265,186,364,91,334,148,195,49,210,406,181,90,478,156,148,139,157,426,269,260,249,153,381,66,268,253,271,0,400,452,490,409,117,143,194,79,52,309,468,295,8,146,385,413,254,483,204,134,252,60,215,103,139,189,236,344,266,299,84,135,103,35,310,86,264,213,256,231,97,240,328,244,62,38,166,345,437,276,155,269,483,312,63,341,486,112,358,481,66,488,379,360,316,329,363,488,260,129,46,370,287,80,209,164,140,166,498,248,266,172,119,149,259,380,407,182,305,270,479,359,482,147,71,472,147,466,27,155,302,209,474,99,243,82,384,145,115,473,36,421,80,292,333,87,251,39,257,484,327,440,246,461,50,267,220,466,265,283,67,333,349,3,226,260,204,310,178,269,31,186,193,5,166,219,460,419,401,68,297,157,12,233,197,254,157,35,220,367,16,490,128,316,147,310,115,241,261,417,88,396,354,299,287,377,135,466,495,181,135,79,238,472,93,279,16,166,159,282,60,231,431,126,422,404,370,387,77,58,291,238,320,174,334,298,258,354,456,329,154,5,303,342,261,200,446,271,270,116,372,388,207,175,40,328,323,390,347,346,3,82,474,50,116,313,26,164,414,496,182,192,386,46,362,301,411,373,333,480,396,123,261,144,94,401,140,145,266,306,3,251,63,129,55,406,88,486,125,437,130},
{323,451,5,274,233,8,346,492,437,439,96,461,244,327,118,428,21,436,261,109,95,66,335,282,440,413,249,500,400,0,369,183,22,70,262,456,279,310,11,257,321,267,34,389,153,395,332,200,279,173,93,22,199,152,74,125,292,197,71,102,43,289,444,155,193,2,110,95,79,366,443,196,414,127,11,218,87,269,475,113,386,358,44,357,329,459,302,220,322,136,180,468,490,473,470,366,474,419,220,45,71,282,478,192,333,154,346,466,124,485,243,325,215,241,233,53,19,53,440,9,202,11,498,412,466,183,465,218,499,358,479,51,116,195,343,325,315,80,467,295,425,197,378,120,384,451,41,60,128,17,42,198,415,216,192,34,215,13,98,324,369,216,109,309,422,354,333,296,142,42,134,188,411,106,294,219,379,389,466,129,27,283,460,386,291,282,405,316,440,203,14,171,184,314,114,422,3,183,72,344,122,285,481,220,216,417,274,131,386,211,78,462,246,261,20,43,250,342,358,259,88,305,348,346,77,292,258,127,372,318,494,293,64,346,350,349,374,194,469,375,356,251,224,187,59,430,370,308,386,28,310,315,493,28,494,123,132,241,445,393,497,303,381,399,310,339,154,495,110,245,329,120,446,259,59,429,257,61,435,69,149,342,17,351,101,352,223,136,271,118,206,168,121,5,380,455,79,173,52,29},
{209,261,160,470,218,282,123,452,377,202,320,379,54,331,462,142,234,226,178,291,248,114,162,78,129,134,145,30,452,369,0,112,453,384,181,483,148,420,320,62,387,97,475,100,394,474,39,261,156,433,132,264,490,58,131,353,268,157,158,381,479,491,230,224,162,382,109,50,329,403,43,163,250,90,185,490,474,235,412,183,47,232,363,416,460,273,1,429,281,158,195,320,188,234,134,482,352,149,161,400,27,463,49,268,63,345,19,258,391,269,237,289,306,352,120,92,215,332,83,403,271,65,478,106,129,48,210,349,193,234,215,435,60,56,166,320,372,467,207,465,158,55,141,359,306,59,128,189,124,321,380,344,139,215,285,442,17,201,334,95,469,448,367,408,147,218,111,187,403,81,36,315,494,374,187,443,280,288,404,106,333,409,311,126,424,290,58,280,236,285,373,110,40,489,461,410,20,146,11,444,408,428,440,163,378,103,340,473,39,339,215,152,48,91,178,465,246,184,88,395,42,327,316,124,469,361,461,332,416,6,121,101,327,202,58,315,224,121,494,117,395,60,114,41,198,298,19,171,12,60,150,251,182,153,421,97,63,115,151,371,422,269,73,171,350,14,460,161,378,204,7,469,409,186,197,258,127,196,117,6,340,497,118,73,206,297,262,71,145,371,381,281,38,393,343,406,227,204,435,44},
{191,320,50,45,249,478,251,290,415,9,419,268,491,288,116,496,40,149,113,373,216,344,340,136,178,47,395,60,490,183,112,0,488,131,429,489,180,465,242,221,162,4,71,43,162,447,416,62,460,479,121,294,111,455,471,114,54,117,116,138,243,85,320,444,69,141,112,37,283,388,157,204,165,47,50,77,76,340,358,477,376,240,398,445,29,24,5,384,141,344,366,260,32,108,24,375,493,322,295,21,276,343,293,18,236,383,304,463,258,354,412,176,452,106,232,36,77,197,148,54,345,31,368,226,407,428,326,166,173,7,43,175,398,167,169,445,407,391,418,165,196,168,370,437,37,447,435,498,49,124,126,47,142,337,262,498,159,95,113,284,492,298,294,99,91,134,102,60,254,69,147,458,120,449,418,358,368,405,23,316,127,422,284,18,331,280,488,101,410,332,491,436,187,166,76,81,75,73,59,489,438,345,399,192,445,495,382,370,307,457,253,71,237,103,337,98,238,491,216,495,382,238,99,83,34,153,414,22,329,143,221,409,401,362,296,141,338,68,206,216,194,238,253,118,282,17,462,416,243,370,119,226,250,388,275,263,43,174,395,246,474,360,283,277,244,392,139,422,211,65,479,466,469,36,470,158,108,179,192,175,431,17,281,298,62,266,373,288,146,414,491,283,490,372,108,427,307,396,398,66},
{155,131,249,268,22,246,481,60,311,159,6,172,282,491,8,184,382,265,427,69,272,254,270,60,129,188,116,379,409,22,453,488,0,424,314,85,78,12,67,260,389,474,327,249,432,111,354,448,189,42,262,131,238,493,236,412,355,237,479,128,219,227,47,124,135,478,287,109,178,5,464,424,210,484,164,177,475,161,291,25,39,338,391,381,379,311,195,307,63,158,491,225,419,298,305,282,463,233,278,498,433,422,52,275,469,464,142,443,373,408,39,14,330,145,199,394,238,310,19,69,61,306,188,114,217,464,388,429,154,472,83,4,182,241,278,14,110,456,217,194,145,333,276,8,398,372,442,163,392,298,34,191,362,309,336,82,303,152,460,108,132,185,474,480,76,196,165,115,76,67,499,101,244,148,448,130,472,196,122,375,159,294,301,284,353,274,241,429,69,478,326,191,413,469,105,261,257,443,156,150,159,336,21,23,412,348,71,281,253,200,206,51,231,244,401,50,62,220,437,342,404,276,203,43,359,129,115,363,120,201,94,418,444,361,192,341,94,119,282,402,450,103,232,281,145,92,259,140,254,353,70,53,121,363,78,379,131,281,307,225,275,167,228,206,62,435,318,281,263,84,459,436,110,64,238,331,279,33,481,419,361,343,443,422,67,286,338,2,22,369,364,323,393,475,346,267,171,317,78,8},
{48,434,11,19,244,385,497,405,303,440,39,416,110,15,236,252,108,326,244,294,308,369,425,352,416,158,162,356,117,70,384,131,424,0,45,498,487,21,12,291,202,460,128,468,312,189,305,339,103,258,115,456,162,461,40,272,425,140,201,297,471,141,31,278,98,225,119,290,471,71,50,134,335,199,446,46,383,3,152,243,431,361,331,487,381,92,291,423,49,438,372,280,374,466,452,264,441,447,423,56,12,290,8,64,388,418,383,338,86,495,154,500,340,217,26,158,169,107,177,108,341,338,100,66,215,121,215,368,12,332,400,427,75,29,384,266,234,154,492,129,98,305,315,457,402,269,333,78,214,317,477,248,500,64,197,389,13,163,432,226,116,376,330,497,498,3,58,297,28,489,339,72,66,305,295,233,250,321,49,2,141,375,41,375,23,111,354,246,308,226,90,374,299,347,123,15,324,427,276,311,343,264,307,183,406,5,98,98,102,293,352,211,390,169,175,309,303,71,270,63,337,225,467,461,102,346,203,64,63,377,27,325,151,100,3,154,474,278,448,260,194,177,380,448,365,405,156,486,223,103,181,2,35,13,356,2,133,434,49,120,43,76,416,488,280,228,351,102,485,394,475,253,223,236,339,307,65,476,19,420,161,10,61,351,27,392,402,222,273,188,154,23,283,386,44,323,185,264,451,359},
{218,315,210,403,324,242,217,386,429,232,66,208,216,160,113,320,75,415,134,300,138,433,485,365,492,305,389,481,143,262,181,429,314,45,0,296,428,168,306,120,269,58,16,232,66,308,235,159,253,187,300,51,394,149,20,182,227,213,490,138,458,200,458,170,375,410,350,29,147,10,190,43,484,445,73,158,62,104,296,438,329,24,104,390,107,229,458,408,427,173,132,52,244,100,190,259,361,363,13,166,302,98,327,32,108,415,449,244,50,326,77,243,1,210,246,491,417,130,293,457,462,496,79,308,75,480,197,8,58,388,329,426,470,106,183,364,314,204,155,17,202,299,162,164,182,169,127,472,261,440,445,447,361,176,80,392,415,212,491,36,144,233,58,288,81,440,69,442,194,152,208,169,266,396,292,46,417,127,457,31,318,1,252,397,223,158,145,416,79,275,331,459,122,317,288,429,248,306,170,120,492,190,486,195,132,22,149,75,120,344,132,268,121,95,168,157,97,196,17,478,24,178,233,189,315,211,289,264,57,269,458,424,38,362,269,212,457,317,424,41,222,82,64,398,34,401,331,64,189,497,190,146,386,55,437,283,266,246,126,416,88,263,362,414,62,382,193,64,343,487,300,373,443,265,119,94,420,215,376,329,256,123,128,20,471,489,217,178,29,466,291,444,472,177,467,71,348,206,220,316},
